1.000000000000000021e-02 1.212053598190000053e-02 0.000000000000000000e+00 -1.000000000000000000e+00 0.000000000000000000e+00 0.000000000000000000e+00
1.212053598190000053e-02 1.469073924900000071e-02 0.000000000000000000e+00 -1.000000000000000000e+00 0.000000000000000000e+00 0.000000000000000000e+00
1.469073924900000071e-02 1.780596336680000114e-02 0.000000000000000000e+00 -1.000000000000000000e+00 0.000000000000000000e+00 0.000000000000000000e+00
1.780596336680000114e-02 2.158178196810000074e-02 0.000000000000000000e+00 -1.000000000000000000e+00 0.000000000000000000e+00 0.000000000000000000e+00
2.158178196810000074e-02 2.615827648980000031e-02 0.000000000000000000e+00 -1.000000000000000000e+00 0.000000000000000000e+00 0.000000000000000000e+00
2.615827648980000031e-02 3.170523314209999777e-02 0.000000000000000000e+00 -1.000000000000000000e+00 0.000000000000000000e+00 0.000000000000000000e+00
3.170523314209999777e-02 3.842844191139999782e-02 0.000000000000000000e+00 -1.000000000000000000e+00 0.000000000000000000e+00 0.000000000000000000e+00
3.842844191139999782e-02 4.657733129169999708e-02 0.000000000000000000e+00 -1.000000000000000000e+00 0.000000000000000000e+00 0.000000000000000000e+00
4.657733129169999708e-02 5.645422198640000222e-02 0.000000000000000000e+00 -1.000000000000000000e+00 0.000000000000000000e+00 0.000000000000000000e+00
5.645422198640000222e-02 6.842554289190000416e-02 0.000000000000000000e+00 -1.000000000000000000e+00 0.000000000000000000e+00 0.000000000000000000e+00
6.842554289190000416e-02 8.293542547049999325e-02 0.000000000000000000e+00 -1.000000000000000000e+00 0.000000000000000000e+00 0.000000000000000000e+00
8.293542547049999325e-02 1.005221808589999988e-01 0.000000000000000000e+00 -1.000000000000000000e+00 0.000000000000000000e+00 0.000000000000000000e+00
1.005221808589999988e-01 1.218382710089999932e-01 0.000000000000000000e+00 -1.000000000000000000e+00 0.000000000000000000e+00 0.000000000000000000e+00
1.218382710089999932e-01 1.476745147740000097e-01 0.000000000000000000e+00 -1.000000000000000000e+00 0.000000000000000000e+00 0.000000000000000000e+00
1.476745147740000097e-01 1.789894269929999948e-01 0.000000000000000000e+00 -1.000000000000000000e+00 0.000000000000000000e+00 0.000000000000000000e+00
1.789894269929999948e-01 2.169447790260000120e-01 0.000000000000000000e+00 -1.000000000000000000e+00 0.000000000000000000e+00 0.000000000000000000e+00
2.169447790260000120e-01 2.629487000280000264e-01 0.000000000000000000e+00 3.236880697280624553e+00 2.000000000000000000e+00 0.000000000000000000e+00
2.629487000280000264e-01 3.187079180090000019e-01 0.000000000000000000e+00 6.138418646673029500e+00 6.000000000000000000e+00 0.000000000000000000e+00
3.187079180090000019e-01 3.862910787959999981e-01 0.000000000000000000e+00 4.345339273551724446e+00 8.000000000000000000e+00 0.000000000000000000e+00
3.862910787959999981e-01 4.682054920050000013e-01 0.000000000000000000e+00 5.009969310398869613e-01 4.000000000000000000e+00 0.000000000000000000e+00
4.682054920050000013e-01 5.674901512779999546e-01 0.000000000000000000e+00 9.115691468981401258e+00 4.800000000000000000e+01 0.000000000000000000e+00
5.674901512779999546e-01 6.878284797970000142e-01 0.000000000000000000e+00 3.000917080227387501e+01 2.620000000000000000e+02 0.000000000000000000e+00
6.878284797970000142e-01 8.336849838780000521e-01 0.000000000000000000e+00 2.412552737295169791e+01 3.780000000000000000e+02 0.000000000000000000e+00
8.336849838780000521e-01 1.010470884470000108e+00 0.000000000000000000e+00 1.602247689773131256e+01 4.560000000000000000e+02 0.000000000000000000e+00
1.010470884470000108e+00 1.224744871389999989e+00 0.000000000000000000e+00 1.132735098225623105e+01 5.880000000000000000e+02 0.000000000000000000e+00
1.224744871389999989e+00 1.484456428239999903e+00 0.000000000000000000e+00 8.890226684252427347e+00 8.400000000000000000e+02 0.000000000000000000e+00
1.484456428239999903e+00 1.799240755210000042e+00 0.000000000000000000e+00 6.829124269187966334e+00 1.184000000000000000e+03 0.000000000000000000e+00
1.799240755210000042e+00 2.180776231369999874e+00 0.000000000000000000e+00 5.023471481393899651e+00 1.622000000000000000e+03 0.000000000000000000e+00
2.180776231369999874e+00 2.643217678090000078e+00 0.000000000000000000e+00 4.122227878551974811e+00 2.456000000000000000e+03 0.000000000000000000e+00
2.643217678090000078e+00 3.203721497540000129e+00 0.000000000000000000e+00 2.916799370084338872e+00 3.344000000000000000e+03 0.000000000000000000e+00
3.203721497540000129e+00 3.883082168700000114e+00 0.000000000000000000e+00 2.203528139832908295e+00 4.870000000000000000e+03 0.000000000000000000e+00
3.883082168700000114e+00 4.706503714660000171e+00 0.000000000000000000e+00 1.617792712855914861e+00 7.086000000000000000e+03 0.000000000000000000e+00
4.706503714660000171e+00 5.704534762259999781e+00 0.000000000000000000e+00 1.190535463550505657e+00 1.055800000000000000e+04 0.000000000000000000e+00
5.704534762259999781e+00 6.914201884619999738e+00 0.000000000000000000e+00 8.971903447295359602e-01 1.628200000000000000e+04 0.000000000000000000e+00
6.914201884619999738e+00 8.380383272899999625e+00 0.000000000000000000e+00 6.617618907495683711e-01 2.539400000000000000e+04 0.000000000000000000e+00
8.380383272899999625e+00 1.015747370020000062e+01 0.000000000000000000e+00 4.717408596403847021e-01 4.004600000000000000e+04 0.000000000000000000e+00
1.015747370020000062e+01 1.231140254680000012e+01 0.000000000000000000e+00 3.146764668095833883e-01 6.369600000000000000e+04 0.000000000000000000e+00
1.231140254680000012e+01 1.492207975570000045e+01 0.000000000000000000e+00 2.370031100720959572e-01 1.067160000000000000e+05 0.000000000000000000e+00
1.492207975570000045e+01 1.808636046049999990e+01 0.000000000000000000e+00 1.608102117588579016e-01 1.783140000000000000e+05 0.000000000000000000e+00
1.808636046049999990e+01 2.192163827430000111e+01 0.000000000000000000e+00 1.134965345652869662e-01 3.045640000000000000e+05 0.000000000000000000e+00
2.192163827430000111e+01 2.657020054870000081e+01 0.000000000000000000e+00 7.526980139927763602e-02 5.236880000000000000e+05 0.000000000000000000e+00
2.657020054870000081e+01 3.220450717979999666e+01 0.000000000000000000e+00 4.751973462592085085e-02 9.084120000000000000e+05 0.000000000000000000e+00
3.220450717979999666e+01 3.903358880529999908e+01 0.000000000000000000e+00 2.884453948942899970e-02 1.588678000000000000e+06 0.000000000000000000e+00
3.903358880529999908e+01 4.731080176190000230e+01 0.000000000000000000e+00 1.719864620716027304e-02 2.796774000000000000e+06 0.000000000000000000e+00
4.731080176190000230e+01 5.734322750900000187e+01 0.000000000000000000e+00 8.757499458022177663e-03 4.938600000000000000e+06 0.000000000000000000e+00
5.734322750900000187e+01 6.950306523429999572e+01 0.000000000000000000e+00 3.910928398531687833e-03 8.751404000000000000e+06 0.000000000000000000e+00
6.950306523429999572e+01 8.424144030280000095e+01 0.000000000000000000e+00 8.416161195450300170e-04 1.553507600000000000e+07 0.000000000000000000e+00
8.424144030280000095e+01 1.021051408360000039e+02 0.000000000000000000e+00 1.930410789885650402e-03 2.769179200000000000e+07 0.000000000000000000e+00
1.021051408360000039e+02 1.237569033439999941e+02 0.000000000000000000e+00 9.507613849577545295e-04 4.925969200000000000e+07 0.000000000000000000e+00
1.237569033439999941e+02 1.500000000000000000e+02 0.000000000000000000e+00 -1.842955454532946291e-04 8.761216400000000000e+07 0.000000000000000000e+00
